

F12B3

0.0
0.0
1.0
0.7777777777777778
1.0
0.0
0.8888888888888888
0.6666666666666666
1.0
0.14285714285714285
0.1111111111111111
0.5555555555555556
0.5555555555555556
0.0
0.0
0.0
1.0
0.0
0.0
0.0
0.0
0.0
0.0
0.0
0.0
0.0
0.0
0.0
0.0
0.0
0.0
0.0
0.0
0.0
0.0
0.0
0.0
0.0
0.0
0.0
0.0
0.0
0.0
0.0
0.0
0.0
0.0
0.0
0.0
0.0
0.0
0.0
0.0
0.0
0.0
0.0
0.0
0.0
0.0
0.0
0.0
0.0
0.0
0.0
0.0
0.0
0.0
0.0
0.0
0.0
0.0
0.0
0.0
0.0
0.0
0.0
0.0
0.0
0.0
0.0
0.0
0.0
0.0
0.0
0.0
0.0
0.0
0.0
0.0
0.0
0.0
0.0
0.0
0.0
0.0
0.0
0.0
0.0
0.0
0.0
0.0
0.0
0.0
0.0
0.0
0.0
0.0
0.0
0.0
0.0
0.0
0.0
0.0
0.0
0.0
0.0
0.0
0.0
0.0
0.0
0.0


F10C4

0.6
1.0
1.0


F16G4

0.8333333333333334
0.8333333333333334
0.125
0.1111111111111111
0.25
0.16666666666666666
0.9166666666666666
0.6666666666666666
0.3333333333333333
0.1
0.6666666666666666
0.25
0.2222222222222222
0.9166666666666666
0.3333333333333333
0.08333333333333333
0.4166666666666667
0.2
0.08333333333333333
0.25
0.25
0.08333333333333333
0.4
0.16666666666666666
0.25
0.4166666666666667
0.2
0.5555555555555556
0.5
0.25
0.5
0.6666666666666666
0.16666666666666666
0.3333333333333333
0.08333333333333333
0.14285714285714285
1.0
1.0
1.0
