/usr/bin/python3 /Users/zacharywolfe/Desktop/Coding/Python/CS4150/CS4150/Act7.py
[48, 119, 64]
centroid: F10F3, 12
centroid: F11D4, 23
centroid: F11G3, 24

before:
F15E2:	[0.6666666666666666, 0.0, 0.0, 1.0, 1.0, 1.0, 1.0, 0.0, 1.0, 0.0, 0.0, 1.0, 0.3333333333333333, 0.6666666666666666, 0.0, 0.6666666666666666, 0.6666666666666666, 0.0, 0.0, 0.0, 0.0, 0.0, 0.0, 0.3333333333333333, 0.3333333333333333, 0.0, 0.0, 0.0, 0.0, 0.6666666666666666, 0.3333333333333333, 1.0, 1.0, 0.0, 0.0, 0.0, 0.0, 0.0, 0.6666666666666666, 1.0, 0.3333333333333333, 0.0, 0.0, 0.0, 0.6666666666666666, 0.0, 0.3333333333333333, 0.0, 0.6666666666666666, 0.3333333333333333, 1.0, 0.0, 0.0, 0.0, 0.3333333333333333, 0.6666666666666666, 1.0, 0.3333333333333333, 0.0, 0.0, 0.0, 1.0, 0.0, 0.0, 0.0, 0.0, 0.0, 0.0, 0.0, 0.6666666666666666, 0.0, 0.0, 1.0, 1.0, 0.0, 0.0, 0.0, 0.3333333333333333, 1.0, 0.0, 0.0, 0.0, 0.5, 0.0, 0.0, 0.0, 1.0, 0.0, 0.0, 0.0, 0.0, 0.3333333333333333, 1.0, 0.0, 0.3333333333333333, 0.0, 1.0, 1.0, 0.3333333333333333, 0.0, 0.3333333333333333, 0.6666666666666666, 0.3333333333333333]
F7A3:	[1.0, 1.0, 0.25, 1.0, 0.5, 1.0, 0.75, 0.25, 0.5, 0.5, 0.25, 0.25, 0.25, 0.5, 0.25, 0.25, 0.75, 0.25, 1.0, 0.25, 0.25, 1.0, 1.0, 0.25, 1.0, 1.0, 0.25, 0.75, 0.5, 0.5]
F16B3:	[0.8571428571428571, 0.7142857142857143, 0.14285714285714285, 0.2857142857142857, 0.7142857142857143, 0.2, 0.7142857142857143, 0.7142857142857143, 0.2, 0.8571428571428571, 0.16666666666666666, 0.5714285714285714, 1.0, 0.3333333333333333, 0.5714285714285714, 0.14285714285714285, 0.8571428571428571, 0.2857142857142857, 0.5, 0.14285714285714285, 0.3333333333333333, 0.3333333333333333, 0.5, 0.2857142857142857, 0.8571428571428571, 0.5714285714285714, 0.14285714285714285, 0.7142857142857143, 1.0, 1.0]

after:
F10F3:	[1.0, 1.0, 0.875, 1.0, 0.875, 0.875, 0.3333333333333333, 1.0, 0.875, 0.5, 0.0, 0.0, 0.625, 0.75, 0.0, 0.75, 0.0, 1.0, 0.375, 0.625, 0.0, 0.625, 0.0, 0.8, 0.75, 0.42857142857142855, 0.0, 1.0, 0.625, 0.0, 1.0, 0.6, 0.0, 0.625, 0.5, 1.0, 0.875, 0.5, 0.5, 1.0, 0.25, 0.625, 0.0, 0.75, 0.75]
F11D4:	[0.9166666666666666, 1.0, 0.4, 1.0, 1.0, 0.6666666666666666, 0.7083333333333334, 0.8571428571428571, 0.6363636363636364, 1.0, 0.5555555555555556, 0.5, 0.8888888888888888, 0.7083333333333334, 0.5, 0.35, 0.6666666666666666, 0.6, 0.5333333333333333, 0.5555555555555556, 0.5, 1.0, 0.2857142857142857, 1.0, 0.4166666666666667, 0.875, 1.0, 0.4, 0.5714285714285714, 0.4, 0.7142857142857143, 0.8333333333333334, 0.4444444444444444, 0.75, 0.6666666666666666, 0.5714285714285714, 0.5, 1.0, 0.6666666666666666, 0.625, 0.3333333333333333, 1.0, 0.5, 0.8181818181818182, 1.0, 0.2727272727272727, 1.0, 1.0, 0.8571428571428571, 0.5, 1.0, 0.8, 1.0, 1.0, 1.0, 1.0, 0.5625, 0.3333333333333333, 0.25, 1.0, 1.0, 0.5, 1.0, 1.0, 0.4, 1.0, 0.4444444444444444, 0.5333333333333333, 0.75, 0.4666666666666667]
F11G3:	[0.5333333333333333, 1.0, 1.0, 0.8333333333333334, 0.5625, 1.0, 1.0, 0.8, 0.4, 0.6, 0.47368421052631576, 0.5666666666666667, 0.7, 1.0, 0.3333333333333333, 0.6666666666666666, 0.6666666666666666, 0.4482758620689655, 0.3333333333333333, 0.5, 0.5714285714285714, 0.4, 0.42857142857142855, 0.38461538461538464, 0.2777777777777778, 0.2777777777777778, 0.35714285714285715, 0.7142857142857143, 0.6666666666666666, 0.42857142857142855, 0.4, 0.3333333333333333, 0.3333333333333333, 0.9, 1.0, 0.42105263157894735, 0.48, 0.35714285714285715, 0.6666666666666666, 1.0, 0.5, 0.7777777777777778, 1.0, 0.7333333333333333, 0.6666666666666666, 1.0, 0.75, 0.5]
centroid: F12E1, 31
centroid: F10C4, 6
centroid: F10F5, 13

before:
F10F3:	[1.0, 1.0, 0.875, 1.0, 0.875, 0.875, 0.3333333333333333, 1.0, 0.875, 0.5, 0.0, 0.0, 0.625, 0.75, 0.0, 0.75, 0.0, 1.0, 0.375, 0.625, 0.0, 0.625, 0.0, 0.8, 0.75, 0.42857142857142855, 0.0, 1.0, 0.625, 0.0, 1.0, 0.6, 0.0, 0.625, 0.5, 1.0, 0.875, 0.5, 0.5, 1.0, 0.25, 0.625, 0.0, 0.75, 0.75]
F11D4:	[0.9166666666666666, 1.0, 0.4, 1.0, 1.0, 0.6666666666666666, 0.7083333333333334, 0.8571428571428571, 0.6363636363636364, 1.0, 0.5555555555555556, 0.5, 0.8888888888888888, 0.7083333333333334, 0.5, 0.35, 0.6666666666666666, 0.6, 0.5333333333333333, 0.5555555555555556, 0.5, 1.0, 0.2857142857142857, 1.0, 0.4166666666666667, 0.875, 1.0, 0.4, 0.5714285714285714, 0.4, 0.7142857142857143, 0.8333333333333334, 0.4444444444444444, 0.75, 0.6666666666666666, 0.5714285714285714, 0.5, 1.0, 0.6666666666666666, 0.625, 0.3333333333333333, 1.0, 0.5, 0.8181818181818182, 1.0, 0.2727272727272727, 1.0, 1.0, 0.8571428571428571, 0.5, 1.0, 0.8, 1.0, 1.0, 1.0, 1.0, 0.5625, 0.3333333333333333, 0.25, 1.0, 1.0, 0.5, 1.0, 1.0, 0.4, 1.0, 0.4444444444444444, 0.5333333333333333, 0.75, 0.4666666666666667]
F11G3:	[0.5333333333333333, 1.0, 1.0, 0.8333333333333334, 0.5625, 1.0, 1.0, 0.8, 0.4, 0.6, 0.47368421052631576, 0.5666666666666667, 0.7, 1.0, 0.3333333333333333, 0.6666666666666666, 0.6666666666666666, 0.4482758620689655, 0.3333333333333333, 0.5, 0.5714285714285714, 0.4, 0.42857142857142855, 0.38461538461538464, 0.2777777777777778, 0.2777777777777778, 0.35714285714285715, 0.7142857142857143, 0.6666666666666666, 0.42857142857142855, 0.4, 0.3333333333333333, 0.3333333333333333, 0.9, 1.0, 0.42105263157894735, 0.48, 0.35714285714285715, 0.6666666666666666, 1.0, 0.5, 0.7777777777777778, 1.0, 0.7333333333333333, 0.6666666666666666, 1.0, 0.75, 0.5]

after:
F12E1:	[0.7619047619047619, 1.0, 1.0, 1.0, 1.0, 1.0, 0.8518518518518519, 0.65, 0.42857142857142855, 0.5, 0.3333333333333333, 0.7272727272727273, 0.6666666666666666, 0.8, 0.5, 1.0, 1.0, 0.8888888888888888, 1.0, 1.0, 0.875, 0.7777777777777778, 1.0, 1.0, 0.25, 0.72, 0.0, 0.7222222222222222, 0.4, 0.631578947368421, 0.8717948717948718, 0.75, 0.8, 0.4666666666666667, 0.8055555555555556, 1.0, 1.0, 1.0, 1.0, 0.9166666666666666, 1.0, 1.0, 0.8333333333333334, 0.8275862068965517, 0.5714285714285714, 0.6666666666666666, 1.0, 1.0, 0.6666666666666666, 0.75, 0.7142857142857143, 0.76, 1.0, 0.9230769230769231, 0.375, 0.3333333333333333, 1.0, 0.7, 0.7222222222222222, 0.8571428571428571, 0.47619047619047616, 0.7142857142857143, 0.8333333333333334, 0.8, 0.8, 0.14285714285714285, 0.8571428571428571, 0.8888888888888888, 0.72, 0.8181818181818182, 0.7777777777777778, 0.8888888888888888, 1.0, 0.75, 0.0, 0.6666666666666666, 1.0, 0.375, 0.8333333333333334, 0.8333333333333334, 0.8888888888888888, 0.0, 1.0, 0.5, 0.8421052631578947, 0.5454545454545454, 0.8, 0.8571428571428571, 0.6666666666666666, 1.0, 0.5, 1.0, 0.0, 1.0, 1.0, 0.7272727272727273, 1.0, 0.0, 0.0, 0.0, 1.0, 0.6923076923076923, 0.0, 0.6, 0.0, 0.0, 0.0, 0.0, 0.5, 0.5, 0.3333333333333333, 0.75, 1.0, 0.8431372549019608, 0.7837837837837838, 0.0, 0.8571428571428571, 0.6666666666666666, 0.75, 1.0, 0.5, 1.0, 0.9, 0.0, 0.6666666666666666, 0.4, 0.9230769230769231, 0.8]
F10C4:	[1.0, 1.0, 0.9, 1.0, 0.8, 1.0, 0.9, 0.9, 1.0, 1.0, 1.0]
F10F5:	[0.8888888888888888, 1.0, 0.875, 1.0, 0.8888888888888888, 1.0, 0.7777777777777778, 0.6666666666666666, 0.7777777777777778, 0.6666666666666666, 0.6666666666666666, 0.5555555555555556, 0.6, 0.7777777777777778, 0.42857142857142855, 1.0, 0.5555555555555556, 0.8, 0.6666666666666666, 1.0, 0.6666666666666666, 0.6666666666666666, 0.5555555555555556, 0.6666666666666666]
centroid: F5C4, 101
centroid: F10A3, 0
centroid: F10A5, 1

before:
F12E1:	[0.7619047619047619, 1.0, 1.0, 1.0, 1.0, 1.0, 0.8518518518518519, 0.65, 0.42857142857142855, 0.5, 0.3333333333333333, 0.7272727272727273, 0.6666666666666666, 0.8, 0.5, 1.0, 1.0, 0.8888888888888888, 1.0, 1.0, 0.875, 0.7777777777777778, 1.0, 1.0, 0.25, 0.72, 0.0, 0.7222222222222222, 0.4, 0.631578947368421, 0.8717948717948718, 0.75, 0.8, 0.4666666666666667, 0.8055555555555556, 1.0, 1.0, 1.0, 1.0, 0.9166666666666666, 1.0, 1.0, 0.8333333333333334, 0.8275862068965517, 0.5714285714285714, 0.6666666666666666, 1.0, 1.0, 0.6666666666666666, 0.75, 0.7142857142857143, 0.76, 1.0, 0.9230769230769231, 0.375, 0.3333333333333333, 1.0, 0.7, 0.7222222222222222, 0.8571428571428571, 0.47619047619047616, 0.7142857142857143, 0.8333333333333334, 0.8, 0.8, 0.14285714285714285, 0.8571428571428571, 0.8888888888888888, 0.72, 0.8181818181818182, 0.7777777777777778, 0.8888888888888888, 1.0, 0.75, 0.0, 0.6666666666666666, 1.0, 0.375, 0.8333333333333334, 0.8333333333333334, 0.8888888888888888, 0.0, 1.0, 0.5, 0.8421052631578947, 0.5454545454545454, 0.8, 0.8571428571428571, 0.6666666666666666, 1.0, 0.5, 1.0, 0.0, 1.0, 1.0, 0.7272727272727273, 1.0, 0.0, 0.0, 0.0, 1.0, 0.6923076923076923, 0.0, 0.6, 0.0, 0.0, 0.0, 0.0, 0.5, 0.5, 0.3333333333333333, 0.75, 1.0, 0.8431372549019608, 0.7837837837837838, 0.0, 0.8571428571428571, 0.6666666666666666, 0.75, 1.0, 0.5, 1.0, 0.9, 0.0, 0.6666666666666666, 0.4, 0.9230769230769231, 0.8]
F10C4:	[1.0, 1.0, 0.9, 1.0, 0.8, 1.0, 0.9, 0.9, 1.0, 1.0, 1.0]
F10F5:	[0.8888888888888888, 1.0, 0.875, 1.0, 0.8888888888888888, 1.0, 0.7777777777777778, 0.6666666666666666, 0.7777777777777778, 0.6666666666666666, 0.6666666666666666, 0.5555555555555556, 0.6, 0.7777777777777778, 0.42857142857142855, 1.0, 0.5555555555555556, 0.8, 0.6666666666666666, 1.0, 0.6666666666666666, 0.6666666666666666, 0.5555555555555556, 0.6666666666666666]

after:
F5C4:	[1.0, 0.0, 1.0, 1.0, 0.0, 0.0, 1.0, 1.0, 1.0, 1.0, 1.0, 1.0, 1.0, 1.0, 1.0, 1.0, 1.0, 0.0, 1.0, 0.0, 0.0, 1.0, 1.0, 1.0, 1.0, 1.0, 1.0, 1.0, 1.0, 1.0, 1.0, 0.0, 1.0, 1.0, 1.0, 1.0, 1.0, 0.0, 1.0, 0.0, 1.0, 0.0, 0.0, 0.0, 1.0, 0.0, 0.0, 1.0, 0.0, 1.0, 1.0, 0.0, 0.0, 1.0, 1.0]
F10A3:	[1.0, 1.0, 0.6, 0.5, 0.5555555555555556, 0.35, 0.7142857142857143, 0.6666666666666666, 1.0, 1.0, 1.0, 0.2222222222222222, 0.6, 1.0, 0.3333333333333333, 0.5, 1.0, 1.0, 0.75, 0.56, 1.0, 0.5, 0.6, 0.5263157894736842, 0.55, 0.6666666666666666, 0.4, 0.3888888888888889, 1.0, 1.0, 0.6, 0.3333333333333333, 0.4166666666666667, 0.8333333333333334, 0.6666666666666666, 0.42857142857142855, 0.47368421052631576, 0.3333333333333333, 0.2857142857142857, 1.0, 0.4375, 0.6, 0.5714285714285714, 0.7692307692307693, 1.0, 0.5, 0.6666666666666666, 0.7222222222222222, 0.7857142857142857, 0.5, 0.6, 0.3333333333333333, 0.3333333333333333, 0.6, 0.42857142857142855, 0.4444444444444444, 0.5757575757575758, 0.5555555555555556, 0.2857142857142857, 0.5, 0.6666666666666666, 0.6666666666666666, 0.6666666666666666, 1.0, 0.5, 0.5, 1.0, 1.0, 0.25, 0.7857142857142857, 0.7777777777777778, 1.0, 0.5454545454545454, 1.0, 0.5, 0.5, 1.0, 0.2, 0.75, 1.0, 0.75, 0.3333333333333333, 0.25, 1.0, 0.5, 1.0, 0.8, 0.6111111111111112, 0.6666666666666666, 0.5555555555555556, 0.8]
F10A5:	[1.0, 1.0, 1.0, 1.0, 1.0, 1.0, 1.0, 1.0, 1.0, 1.0, 1.0, 1.0, 1.0, 1.0, 1.0, 1.0, 1.0]
centroid: F10A3, 0
centroid: F10B3, 2
centroid: F10B5, 3

before:
F5C4:	[1.0, 0.0, 1.0, 1.0, 0.0, 0.0, 1.0, 1.0, 1.0, 1.0, 1.0, 1.0, 1.0, 1.0, 1.0, 1.0, 1.0, 0.0, 1.0, 0.0, 0.0, 1.0, 1.0, 1.0, 1.0, 1.0, 1.0, 1.0, 1.0, 1.0, 1.0, 0.0, 1.0, 1.0, 1.0, 1.0, 1.0, 0.0, 1.0, 0.0, 1.0, 0.0, 0.0, 0.0, 1.0, 0.0, 0.0, 1.0, 0.0, 1.0, 1.0, 0.0, 0.0, 1.0, 1.0]
F10A3:	[1.0, 1.0, 0.6, 0.5, 0.5555555555555556, 0.35, 0.7142857142857143, 0.6666666666666666, 1.0, 1.0, 1.0, 0.2222222222222222, 0.6, 1.0, 0.3333333333333333, 0.5, 1.0, 1.0, 0.75, 0.56, 1.0, 0.5, 0.6, 0.5263157894736842, 0.55, 0.6666666666666666, 0.4, 0.3888888888888889, 1.0, 1.0, 0.6, 0.3333333333333333, 0.4166666666666667, 0.8333333333333334, 0.6666666666666666, 0.42857142857142855, 0.47368421052631576, 0.3333333333333333, 0.2857142857142857, 1.0, 0.4375, 0.6, 0.5714285714285714, 0.7692307692307693, 1.0, 0.5, 0.6666666666666666, 0.7222222222222222, 0.7857142857142857, 0.5, 0.6, 0.3333333333333333, 0.3333333333333333, 0.6, 0.42857142857142855, 0.4444444444444444, 0.5757575757575758, 0.5555555555555556, 0.2857142857142857, 0.5, 0.6666666666666666, 0.6666666666666666, 0.6666666666666666, 1.0, 0.5, 0.5, 1.0, 1.0, 0.25, 0.7857142857142857, 0.7777777777777778, 1.0, 0.5454545454545454, 1.0, 0.5, 0.5, 1.0, 0.2, 0.75, 1.0, 0.75, 0.3333333333333333, 0.25, 1.0, 0.5, 1.0, 0.8, 0.6111111111111112, 0.6666666666666666, 0.5555555555555556, 0.8]
F10A5:	[1.0, 1.0, 1.0, 1.0, 1.0, 1.0, 1.0, 1.0, 1.0, 1.0, 1.0, 1.0, 1.0, 1.0, 1.0, 1.0, 1.0]

after:
F10A3:	[1.0, 1.0, 1.0, 0.7142857142857143, 1.0, 1.0, 1.0, 1.0, 1.0, 1.0, 1.0, 0.75, 1.0, 1.0, 1.0, 0.6666666666666666, 1.0, 0.6666666666666666, 1.0, 0.5714285714285714, 1.0, 0.625, 0.6666666666666666, 1.0, 1.0, 1.0, 0.7777777777777778, 1.0, 1.0, 0.5714285714285714, 1.0, 0.75, 1.0, 0.8571428571428571, 1.0, 1.0]
F10B3:	[1.0, 1.0, 1.0, 1.0, 1.0, 1.0, 1.0, 1.0, 1.0, 1.0, 1.0, 1.0, 1.0, 1.0, 1.0, 1.0, 1.0, 1.0, 1.0, 1.0, 1.0, 1.0, 1.0, 1.0, 1.0, 1.0, 1.0, 1.0, 1.0]
F10B5:	[1.0, 0.8857142857142857, 1.0, 1.0, 0.875, 0.8888888888888888, 0.9375, 0.9333333333333333, 0.8888888888888888, 0.9166666666666666, 1.0, 0.9, 0.75, 1.0, 0.9, 0.8490566037735849, 0.7647058823529411, 0.8, 1.0, 1.0, 0.8125, 0.9, 1.0, 1.0, 0.8, 1.0, 1.0, 1.0, 1.0, 1.0, 1.0, 0.7931034482758621, 0.8571428571428571, 0.8947368421052632, 1.0, 0.8571428571428571, 1.0, 0.8333333333333334, 0.8095238095238095, 0.8125, 0.875, 0.7142857142857143, 0.84, 0.8571428571428571, 1.0, 0.625, 0.9444444444444444, 0.9444444444444444, 1.0, 0.8095238095238095, 0.9285714285714286, 0.8, 0.8333333333333334, 0.7333333333333333, 0.8, 1.0, 0.7777777777777778, 1.0, 0.75, 1.0, 1.0, 0.8333333333333334, 1.0, 0.8333333333333334, 0.7894736842105263, 0.8181818181818182, 0.8, 0.8125, 0.9285714285714286, 1.0, 1.0, 0.8947368421052632, 1.0, 1.0, 1.0, 1.0, 0.8846153846153846, 1.0, 1.0, 1.0, 1.0, 1.0, 1.0, 0.6875, 1.0, 1.0, 1.0, 0.75, 1.0, 1.0, 1.0, 1.0, 0.9333333333333333, 0.8888888888888888, 0.8888888888888888, 0.9210526315789473, 0.8076923076923077, 0.9333333333333333]
centroid: F12E5, 33
centroid: F10A3, 0
centroid: F10A5, 1

before:
F10A3:	[1.0, 1.0, 1.0, 0.7142857142857143, 1.0, 1.0, 1.0, 1.0, 1.0, 1.0, 1.0, 0.75, 1.0, 1.0, 1.0, 0.6666666666666666, 1.0, 0.6666666666666666, 1.0, 0.5714285714285714, 1.0, 0.625, 0.6666666666666666, 1.0, 1.0, 1.0, 0.7777777777777778, 1.0, 1.0, 0.5714285714285714, 1.0, 0.75, 1.0, 0.8571428571428571, 1.0, 1.0]
F10B3:	[1.0, 1.0, 1.0, 1.0, 1.0, 1.0, 1.0, 1.0, 1.0, 1.0, 1.0, 1.0, 1.0, 1.0, 1.0, 1.0, 1.0, 1.0, 1.0, 1.0, 1.0, 1.0, 1.0, 1.0, 1.0, 1.0, 1.0, 1.0, 1.0]
F10B5:	[1.0, 0.8857142857142857, 1.0, 1.0, 0.875, 0.8888888888888888, 0.9375, 0.9333333333333333, 0.8888888888888888, 0.9166666666666666, 1.0, 0.9, 0.75, 1.0, 0.9, 0.8490566037735849, 0.7647058823529411, 0.8, 1.0, 1.0, 0.8125, 0.9, 1.0, 1.0, 0.8, 1.0, 1.0, 1.0, 1.0, 1.0, 1.0, 0.7931034482758621, 0.8571428571428571, 0.8947368421052632, 1.0, 0.8571428571428571, 1.0, 0.8333333333333334, 0.8095238095238095, 0.8125, 0.875, 0.7142857142857143, 0.84, 0.8571428571428571, 1.0, 0.625, 0.9444444444444444, 0.9444444444444444, 1.0, 0.8095238095238095, 0.9285714285714286, 0.8, 0.8333333333333334, 0.7333333333333333, 0.8, 1.0, 0.7777777777777778, 1.0, 0.75, 1.0, 1.0, 0.8333333333333334, 1.0, 0.8333333333333334, 0.7894736842105263, 0.8181818181818182, 0.8, 0.8125, 0.9285714285714286, 1.0, 1.0, 0.8947368421052632, 1.0, 1.0, 1.0, 1.0, 0.8846153846153846, 1.0, 1.0, 1.0, 1.0, 1.0, 1.0, 0.6875, 1.0, 1.0, 1.0, 0.75, 1.0, 1.0, 1.0, 1.0, 0.9333333333333333, 0.8888888888888888, 0.8888888888888888, 0.9210526315789473, 0.8076923076923077, 0.9333333333333333]

after:
F12E5:	[0.0, 1.0, 0.7777777777777778, 0.0, 1.0, 0.5555555555555556, 0.4444444444444444, 1.0, 0.8888888888888888, 1.0, 0.4, 0.4444444444444444, 0.0, 0.75, 0.2857142857142857, 0.0, 0.5, 0.5555555555555556, 0.7777777777777778, 0.0, 0.4444444444444444, 0.0, 0.25, 1.0, 1.0, 0.0, 0.0, 0.2, 0.0, 0.0, 1.0, 0.0, 0.0, 1.0, 0.0, 0.3333333333333333, 1.0, 1.0, 0.0, 0.6666666666666666]
F10A3:	[1.0, 1.0, 1.0, 0.6, 0.5, 0.5555555555555556, 0.7142857142857143, 0.6666666666666666, 1.0, 0.45454545454545453, 1.0, 1.0, 1.0, 0.2222222222222222, 0.6, 1.0, 0.375, 0.5, 1.0, 0.47058823529411764, 1.0, 0.75, 0.56, 1.0, 0.5, 0.6, 0.5263157894736842, 0.5625, 0.55, 0.6666666666666666, 0.5333333333333333, 1.0, 0.45454545454545453, 1.0, 0.6, 0.3333333333333333, 0.4166666666666667, 0.8333333333333334, 0.6666666666666666, 0.42857142857142855, 0.47368421052631576, 0.3333333333333333, 1.0, 0.5833333333333334, 0.6190476190476191, 0.4375, 0.6, 0.5714285714285714, 0.7692307692307693, 0.6666666666666666, 1.0, 0.5, 0.6666666666666666, 0.7222222222222222, 0.7857142857142857, 0.5, 0.6, 0.3333333333333333, 0.3333333333333333, 0.6, 0.5714285714285714, 0.42857142857142855, 0.4444444444444444, 0.5757575757575758, 0.4444444444444444, 0.5555555555555556, 0.2857142857142857, 0.5, 1.0, 0.6666666666666666, 0.625, 0.6666666666666666, 0.6666666666666666, 1.0, 0.5, 0.5, 0.625, 0.5, 1.0, 1.0, 0.7777777777777778, 1.0, 0.5454545454545454, 1.0, 0.5, 0.5714285714285714, 0.5, 1.0, 0.75, 0.4375, 1.0, 0.75, 0.25, 0.5, 0.8, 0.6111111111111112, 0.3333333333333333, 0.6666666666666666, 0.5555555555555556, 0.8]
F10A5:	[1.0, 1.0, 1.0, 1.0, 1.0, 1.0, 1.0, 1.0, 1.0, 1.0, 1.0, 1.0, 1.0, 1.0, 1.0, 1.0, 1.0, 1.0, 1.0, 1.0, 1.0, 1.0, 1.0]
centroid: F10C4, 6
centroid: F10F1, 11
centroid: F11C2, 20

before:
F12E5:	[0.0, 1.0, 0.7777777777777778, 0.0, 1.0, 0.5555555555555556, 0.4444444444444444, 1.0, 0.8888888888888888, 1.0, 0.4, 0.4444444444444444, 0.0, 0.75, 0.2857142857142857, 0.0, 0.5, 0.5555555555555556, 0.7777777777777778, 0.0, 0.4444444444444444, 0.0, 0.25, 1.0, 1.0, 0.0, 0.0, 0.2, 0.0, 0.0, 1.0, 0.0, 0.0, 1.0, 0.0, 0.3333333333333333, 1.0, 1.0, 0.0, 0.6666666666666666]
F10A3:	[1.0, 1.0, 1.0, 0.6, 0.5, 0.5555555555555556, 0.7142857142857143, 0.6666666666666666, 1.0, 0.45454545454545453, 1.0, 1.0, 1.0, 0.2222222222222222, 0.6, 1.0, 0.375, 0.5, 1.0, 0.47058823529411764, 1.0, 0.75, 0.56, 1.0, 0.5, 0.6, 0.5263157894736842, 0.5625, 0.55, 0.6666666666666666, 0.5333333333333333, 1.0, 0.45454545454545453, 1.0, 0.6, 0.3333333333333333, 0.4166666666666667, 0.8333333333333334, 0.6666666666666666, 0.42857142857142855, 0.47368421052631576, 0.3333333333333333, 1.0, 0.5833333333333334, 0.6190476190476191, 0.4375, 0.6, 0.5714285714285714, 0.7692307692307693, 0.6666666666666666, 1.0, 0.5, 0.6666666666666666, 0.7222222222222222, 0.7857142857142857, 0.5, 0.6, 0.3333333333333333, 0.3333333333333333, 0.6, 0.5714285714285714, 0.42857142857142855, 0.4444444444444444, 0.5757575757575758, 0.4444444444444444, 0.5555555555555556, 0.2857142857142857, 0.5, 1.0, 0.6666666666666666, 0.625, 0.6666666666666666, 0.6666666666666666, 1.0, 0.5, 0.5, 0.625, 0.5, 1.0, 1.0, 0.7777777777777778, 1.0, 0.5454545454545454, 1.0, 0.5, 0.5714285714285714, 0.5, 1.0, 0.75, 0.4375, 1.0, 0.75, 0.25, 0.5, 0.8, 0.6111111111111112, 0.3333333333333333, 0.6666666666666666, 0.5555555555555556, 0.8]
F10A5:	[1.0, 1.0, 1.0, 1.0, 1.0, 1.0, 1.0, 1.0, 1.0, 1.0, 1.0, 1.0, 1.0, 1.0, 1.0, 1.0, 1.0, 1.0, 1.0, 1.0, 1.0, 1.0, 1.0]

after:
F10C4:	[1.0, 1.0, 1.0, 1.0, 0.8, 1.0, 0.9, 0.9, 1.0, 1.0, 1.0, 1.0, 1.0, 1.0, 1.0]
F10F1:	[1.0, 1.0, 1.0, 1.0, 0.9333333333333333, 0.8611111111111112, 0.7272727272727273, 1.0, 1.0, 1.0, 0.8888888888888888, 1.0, 0.9, 1.0, 1.0, 0.84, 1.0, 0.8888888888888888, 1.0, 0.8947368421052632, 0.8205128205128205, 0.85, 1.0, 1.0, 1.0, 1.0, 1.0, 1.0, 1.0, 1.0, 0.6875, 0.42857142857142855, 0.7142857142857143, 0.9230769230769231, 1.0, 0.8, 0.7222222222222222, 0.7857142857142857, 1.0, 0.8, 0.6, 0.8571428571428571, 0.5555555555555556, 0.7878787878787878, 0.8888888888888888, 0.7142857142857143, 1.0, 0.6666666666666666, 1.0, 1.0, 1.0, 0.8035714285714286, 0.6842105263157895, 0.88, 0.8571428571428571, 0.6666666666666666, 1.0, 1.0, 1.0, 1.0, 0.8181818181818182, 0.8461538461538461, 0.75, 0.6666666666666666, 1.0, 1.0, 0.7450980392156863, 1.0, 0.8571428571428571, 1.0, 1.0, 1.0, 1.0, 1.0, 0.7307692307692307]
F11C2:	[0.8333333333333334, 0.8225806451612904, 0.9142857142857143, 1.0, 0.8135593220338984, 1.0, 1.0, 0.8, 0.8571428571428571, 0.875, 0.8333333333333334, 1.0, 0.875, 0.8, 0.9, 0.875, 1.0, 0.8490566037735849, 0.8823529411764706, 1.0, 0.84375, 0.9333333333333333, 0.8055555555555556, 1.0, 0.9545454545454546, 0.8888888888888888, 0.8333333333333334, 1.0, 1.0, 0.896551724137931, 0.8947368421052632, 1.0, 1.0, 0.9166666666666666, 0.9047619047619048, 0.875, 0.84, 1.0, 1.0, 0.9047619047619048, 1.0, 1.0, 1.0, 0.7, 1.0, 1.0, 0.75, 1.0, 1.0, 1.0, 1.0, 0.875, 1.0, 1.0, 1.0, 1.0, 1.0, 1.0, 1.0, 1.0, 1.0, 0.9206349206349206, 1.0, 1.0, 0.75, 0.8378378378378378, 0.8, 1.0, 0.8888888888888888, 0.9333333333333333, 1.0, 0.8157894736842105, 0.8]
centroid: F10A3, 0
centroid: F10A5, 1
centroid: F10B3, 2

before:
F10C4:	[1.0, 1.0, 1.0, 1.0, 0.8, 1.0, 0.9, 0.9, 1.0, 1.0, 1.0, 1.0, 1.0, 1.0, 1.0]
F10F1:	[1.0, 1.0, 1.0, 1.0, 0.9333333333333333, 0.8611111111111112, 0.7272727272727273, 1.0, 1.0, 1.0, 0.8888888888888888, 1.0, 0.9, 1.0, 1.0, 0.84, 1.0, 0.8888888888888888, 1.0, 0.8947368421052632, 0.8205128205128205, 0.85, 1.0, 1.0, 1.0, 1.0, 1.0, 1.0, 1.0, 1.0, 0.6875, 0.42857142857142855, 0.7142857142857143, 0.9230769230769231, 1.0, 0.8, 0.7222222222222222, 0.7857142857142857, 1.0, 0.8, 0.6, 0.8571428571428571, 0.5555555555555556, 0.7878787878787878, 0.8888888888888888, 0.7142857142857143, 1.0, 0.6666666666666666, 1.0, 1.0, 1.0, 0.8035714285714286, 0.6842105263157895, 0.88, 0.8571428571428571, 0.6666666666666666, 1.0, 1.0, 1.0, 1.0, 0.8181818181818182, 0.8461538461538461, 0.75, 0.6666666666666666, 1.0, 1.0, 0.7450980392156863, 1.0, 0.8571428571428571, 1.0, 1.0, 1.0, 1.0, 1.0, 0.7307692307692307]
F11C2:	[0.8333333333333334, 0.8225806451612904, 0.9142857142857143, 1.0, 0.8135593220338984, 1.0, 1.0, 0.8, 0.8571428571428571, 0.875, 0.8333333333333334, 1.0, 0.875, 0.8, 0.9, 0.875, 1.0, 0.8490566037735849, 0.8823529411764706, 1.0, 0.84375, 0.9333333333333333, 0.8055555555555556, 1.0, 0.9545454545454546, 0.8888888888888888, 0.8333333333333334, 1.0, 1.0, 0.896551724137931, 0.8947368421052632, 1.0, 1.0, 0.9166666666666666, 0.9047619047619048, 0.875, 0.84, 1.0, 1.0, 0.9047619047619048, 1.0, 1.0, 1.0, 0.7, 1.0, 1.0, 0.75, 1.0, 1.0, 1.0, 1.0, 0.875, 1.0, 1.0, 1.0, 1.0, 1.0, 1.0, 1.0, 1.0, 1.0, 0.9206349206349206, 1.0, 1.0, 0.75, 0.8378378378378378, 0.8, 1.0, 0.8888888888888888, 0.9333333333333333, 1.0, 0.8157894736842105, 0.8]

after:
F10A3:	[1.0, 1.0, 1.0, 0.6, 0.5714285714285714, 0.0, 0.0, 0.5, 0.5555555555555556, 0.7142857142857143, 0.375, 0.6666666666666666, 1.0, 0.4166666666666667, 1.0, 1.0, 1.0, 0.2222222222222222, 0.6, 1.0, 0.375, 0.3333333333333333, 0.5, 1.0, 0.47058823529411764, 1.0, 0.75, 0.56, 1.0, 0.5, 0.6, 0.5625, 0.55, 0.6666666666666666, 0.4, 0.5333333333333333, 1.0, 0.0, 1.0, 0.6, 0.3333333333333333, 0.4166666666666667, 0.0, 0.8333333333333334, 0.6666666666666666, 0.42857142857142855, 0.47368421052631576, 0.3333333333333333, 0.2857142857142857, 1.0, 0.0, 0.5833333333333334, 0.6190476190476191, 0.4375, 0.6, 0.5714285714285714, 0.7692307692307693, 0.375, 0.6666666666666666, 1.0, 0.6666666666666666, 0.7222222222222222, 0.7857142857142857, 0.42857142857142855, 0.5, 0.6, 0.3333333333333333, 0.3333333333333333, 0.6, 0.5714285714285714, 0.4444444444444444, 0.4444444444444444, 0.2857142857142857, 0.5, 1.0, 0.6666666666666666, 0.0, 0.625, 0.6666666666666666, 0.6666666666666666, 1.0, 0.5, 0.5, 0.18181818181818182, 0.625, 0.5, 1.0, 0.0, 1.0, 0.25, 0.7857142857142857, 0.0, 0.7777777777777778, 1.0, 0.5454545454545454, 1.0, 0.5, 0.5714285714285714, 0.5, 1.0, 0.0, 0.2, 0.0, 0.0, 0.0, 0.0, 0.75, 0.4375, 1.0, 0.75, 0.0, 0.0, 0.25, 1.0, 0.5, 1.0, 0.8, 0.0, 0.6111111111111112, 0.3333333333333333, 0.6666666666666666, 0.5555555555555556, 0.5263157894736842, 0.8]
F10A5:	[1.0, 1.0, 1.0, 1.0, 1.0, 1.0, 1.0, 1.0, 1.0, 1.0, 1.0, 1.0, 1.0, 1.0, 1.0, 1.0, 1.0, 1.0, 1.0, 1.0, 1.0, 1.0, 1.0, 1.0, 1.0, 1.0]
F10B3:	[1.0, 1.0, 1.0, 1.0, 1.0, 1.0, 1.0, 1.0, 1.0, 1.0, 1.0, 1.0, 1.0]
centroid: F12B2, 27
centroid: F10A3, 0
centroid: F10A5, 1

before:
F10A3:	[1.0, 1.0, 1.0, 0.6, 0.5714285714285714, 0.0, 0.0, 0.5, 0.5555555555555556, 0.7142857142857143, 0.375, 0.6666666666666666, 1.0, 0.4166666666666667, 1.0, 1.0, 1.0, 0.2222222222222222, 0.6, 1.0, 0.375, 0.3333333333333333, 0.5, 1.0, 0.47058823529411764, 1.0, 0.75, 0.56, 1.0, 0.5, 0.6, 0.5625, 0.55, 0.6666666666666666, 0.4, 0.5333333333333333, 1.0, 0.0, 1.0, 0.6, 0.3333333333333333, 0.4166666666666667, 0.0, 0.8333333333333334, 0.6666666666666666, 0.42857142857142855, 0.47368421052631576, 0.3333333333333333, 0.2857142857142857, 1.0, 0.0, 0.5833333333333334, 0.6190476190476191, 0.4375, 0.6, 0.5714285714285714, 0.7692307692307693, 0.375, 0.6666666666666666, 1.0, 0.6666666666666666, 0.7222222222222222, 0.7857142857142857, 0.42857142857142855, 0.5, 0.6, 0.3333333333333333, 0.3333333333333333, 0.6, 0.5714285714285714, 0.4444444444444444, 0.4444444444444444, 0.2857142857142857, 0.5, 1.0, 0.6666666666666666, 0.0, 0.625, 0.6666666666666666, 0.6666666666666666, 1.0, 0.5, 0.5, 0.18181818181818182, 0.625, 0.5, 1.0, 0.0, 1.0, 0.25, 0.7857142857142857, 0.0, 0.7777777777777778, 1.0, 0.5454545454545454, 1.0, 0.5, 0.5714285714285714, 0.5, 1.0, 0.0, 0.2, 0.0, 0.0, 0.0, 0.0, 0.75, 0.4375, 1.0, 0.75, 0.0, 0.0, 0.25, 1.0, 0.5, 1.0, 0.8, 0.0, 0.6111111111111112, 0.3333333333333333, 0.6666666666666666, 0.5555555555555556, 0.5263157894736842, 0.8]
F10A5:	[1.0, 1.0, 1.0, 1.0, 1.0, 1.0, 1.0, 1.0, 1.0, 1.0, 1.0, 1.0, 1.0, 1.0, 1.0, 1.0, 1.0, 1.0, 1.0, 1.0, 1.0, 1.0, 1.0, 1.0, 1.0, 1.0]
F10B3:	[1.0, 1.0, 1.0, 1.0, 1.0, 1.0, 1.0, 1.0, 1.0, 1.0, 1.0, 1.0, 1.0]

after:
F12B2:	[1.0, 0.0, 1.0, 1.0, 0.0, 0.0, 1.0, 1.0, 1.0, 1.0, 1.0, 1.0, 1.0, 1.0, 1.0, 1.0, 1.0, 1.0, 0.0, 0.0, 1.0, 1.0, 0.0, 1.0, 1.0, 1.0, 1.0, 0.0, 1.0, 0.0, 1.0, 0.0, 1.0, 0.0, 0.0, 0.0, 1.0, 0.0, 0.0, 0.0, 0.0, 0.0, 1.0]
F10A3:	[1.0, 1.0, 0.6, 0.5, 0.5555555555555556, 0.35, 0.7142857142857143, 0.375, 1.0, 0.45454545454545453, 0.4166666666666667, 1.0, 1.0, 0.2222222222222222, 0.6, 1.0, 0.375, 0.3333333333333333, 0.5, 1.0, 0.47058823529411764, 1.0, 0.75, 0.56, 1.0, 0.5, 0.6, 0.5625, 0.55, 0.6666666666666666, 0.4, 0.5333333333333333, 1.0, 0.45454545454545453, 1.0, 0.6, 0.3333333333333333, 0.4166666666666667, 0.8333333333333334, 0.6666666666666666, 0.42857142857142855, 0.3333333333333333, 0.2857142857142857, 1.0, 0.5833333333333334, 0.6190476190476191, 0.4375, 0.5714285714285714, 0.7692307692307693, 0.375, 0.6666666666666666, 1.0, 0.5, 0.7222222222222222, 0.42857142857142855, 0.5, 0.6, 0.3333333333333333, 0.3333333333333333, 0.6, 0.5714285714285714, 0.42857142857142855, 0.4444444444444444, 0.5238095238095238, 0.5757575757575758, 0.4444444444444444, 0.5555555555555556, 0.2857142857142857, 0.5, 1.0, 0.6666666666666666, 0.625, 0.6666666666666666, 0.6666666666666666, 1.0, 0.5, 0.5, 0.18181818181818182, 0.5, 1.0, 1.0, 0.25, 0.8095238095238095, 0.7777777777777778, 1.0, 0.5454545454545454, 1.0, 0.5, 0.5714285714285714, 0.5, 1.0, 0.2, 0.75, 0.4375, 1.0, 0.75, 0.3333333333333333, 0.25, 1.0, 0.5, 1.0, 0.8, 0.6111111111111112, 0.3333333333333333, 0.6666666666666666, 0.5555555555555556, 0.8]
F10A5:	[1.0, 1.0, 1.0, 1.0, 1.0, 1.0, 1.0, 1.0, 1.0, 1.0, 1.0, 1.0, 1.0]